1.9467042727272726e11
1.9467497891277457e11
1.9468862855480197e11
1.9471136652137402e11
1.9474318078967786e11
1.9478405699415674e11
1.94833978431445e11
1.948929260653909e11
1.9496087853423654e11
1.9503781215852975e11
1.951237009505476e11
1.9521851662597437e11
1.9532222861405417e11
1.9543480407096866e11
1.9555620790882547e11
1.9568640274080347e11
1.9582534904009766e11
1.959730050004422e11
1.961293266578541e11
1.9629426785873105e11
1.9646778031189697e11
1.966498135792575e11
1.9684031512059045e11
1.9703923034061383e11
1.9724650248694595e11
1.974620728989735e11
1.9768588082378088e11
1.9791786346928156e11
1.981579562007823e11
1.9840609236105624e11
1.9866220343916953e11
1.9892621898538174e11
1.9919806666824805e11
1.9947767246344366e11
1.997649604386352e11
2.0005985293078452e11
2.0036227048710272e11
2.006721320077788e11
2.0098935466859674e11
2.013138539243004e11
2.0164554379394687e11
2.0198433702642267e11
2.0233014269308157e11
2.026828718446994e11
2.0304243135010608e11
2.034087276216687e11
2.0378166520996274e11
2.0416114754128055e11
2.0454707666968646e11
2.049393527952431e11
2.0533787542935928e11
2.0574254230806927e11
2.0615325003267642e11
2.0656989399277786e11
2.06992368236384e11
2.0742056600241586e11
2.0785437778314197e11
2.0829369542715555e11
2.0873840772747833e11
2.0918840332465332e11
2.0964356838486108e11
2.101037901217844e11
2.1056895326661337e11
2.1103894119060422e11
2.11513637682814e11
2.1199292456888617e11
2.124766826625481e11
2.129647922839693e11
2.1345713264181918e11
2.1395358137304282e11
2.1445401671628787e11
2.149583149235747e11
2.154663510737501e11
2.1597800067084158e11
2.164931374110953e11
2.1701163454145078e11
2.1753336472442316e11
2.180581990114029e11
2.1858600875490436e11
2.19116664084247e11
2.196500335190197e11
2.2018598664805173e11
2.207243914629159e11
2.2126511524981622e11
2.2180802597246274e11
2.223529861782763e11
2.2289986327121158e11
2.234485229510951e11
2.2399882928944568e11
2.2455064403251962e11
2.2510383262560956e11
2.256582537459822e11
2.2621377293993985e11
2.2677025126530576e11
2.273275489237613e11
2.278855256768418e11
2.284440424328177e11
2.290029595132178e11
2.2956213364589377e11
2.301214246276668e11
2.3068069193800623e11
2.3123979218981274e11
2.3179858555184097e11
2.323569263112655e11
2.3291467331524503e11
2.3347167957219476e11
2.3402780725281342e11
2.345829148726106e11
2.3513684511058847e11
2.356894683981905e11
2.36240634981503e11
2.3679020068840137e11
2.373380231717302e11
2.3788395782424323e11
2.3842786177992828e11
2.3896958736649762e11
2.395089975549788e11
2.4004593962744815e11
2.4058027885037015e11
2.4111187048093005e11
2.4164056900978906e11
2.4216623612426105e11
2.4268872829746735e11
2.4320790730187854e11
2.4372362850685068e11
2.4423575664276065e11
2.4474415188316406e11
2.45248678726666e11
2.4574919830669165e11
2.462455721001635e11
2.4673767000861798e11
2.4722536261891965e11
2.477085079198288e11
2.481869853901766e11
2.486606609279502e11
2.4912941220905264e11
2.495931128500513e11
2.500516388586655e11
2.505048724123543e11
2.5095269289195285e11
2.5139498754662628e11
2.518316407925039e11
2.5226254117087183e11
2.5268758257259338e11
2.531066613698384e11
2.5351967624642682e11
2.539265264303519e11
2.5432712078434134e11
2.5472136656950638e11
2.5510917833581805e11
2.554904726900893e11
2.5586517140016647e11
2.5623319814053827e11
2.5659448840401495e11
2.56948970447887e11
2.5729657638479163e11
2.5763726656759152e11
2.5797098376603036e11
2.582976786832568e11
2.586173141652619e11
2.589298543067553e11
2.5923526700713034e11
2.5953353069735016e11
2.598246234436407e11
2.6010853345463602e11
2.6038524975897757e11
2.606547699273569e11
2.609170987724264e11
2.6117224346867532e11
2.614202135270898e11
2.616610314408877e11
2.6189472016907828e11
2.621213087168649e11
2.6234082919651996e11
2.6255332025048386e11
2.6275882634252866e11
2.6295739215883243e11
2.6314907420849945e11
2.6333392102798422e11
2.635119967056933e11
2.635152657766754e11
2.6334514844555167e11
2.6316831739110556e11
2.6298471015044202e11
2.627942674228122e11
2.6259693401377585e11
2.6239265863276038e11
2.6218139431694382e11
2.6196309733266995e11
2.617377306612048e11
2.615052604404018e11
2.6126567493785562e11
2.6101890585639267e11
2.607649734922226e11
2.6050385548198535e11
2.6023554629913562e11
2.599600384487474e11
2.5967733796165887e11
2.5938745522365637e11
2.5909039947122293e11
2.5878619100384708e11
2.5847485832999075e11
2.5815643137151544e11
2.5783094319430325e11
2.5749843059943716e11
2.571589484984543e11
2.568125427390141e11
2.5645927256482312e11
2.5609920154918536e11
2.5573237449541702e11
2.5535888626028705e11
2.5497880024420764e11
2.545921982011875e11
2.5419916260260022e11
2.53799778330534e11
2.5339413931278006e11
2.5298233750858322e11
2.525644709004213e11
2.521406555175785e11
2.5171095500316766e11
2.5127551627967493e11
2.5083443657198453e11
2.5038782986659506e11
2.4993581121517508e11
2.4947849935295557e11
2.4901601619512332e11
2.485484788774334e11
2.480760171264468e11
2.475987537596997e11
2.4711682101805423e11
2.4663034654256006e11
2.461394639856506e11
2.456443006715944e11
2.4514499632054434e11
2.4464168554009946e11
2.4413450063403357e11
2.4362358621577612e11
2.4310907239296255e11
2.4259110884238907e11
2.420698235844352e11
2.4154535900420282e11
2.4101786641723593e11
2.4048747988617853e11
2.3995434685186902e11
2.3941860372380533e11
2.388803932448563e11
2.3833986282345593e11
2.3779715630430164e11
2.3725241484858615e11
2.3670579390092337e11
2.3615740660538562e11
2.3560742811723694e11
2.3505598717553314e11
2.34503232781664e11
2.3394930869536792e11
2.3339435632976233e11
2.328385218165143e11
2.322819519042976e11
2.3172476641238147e11
2.3116713611597687e11
2.3060919348688684e11
2.3005108145159848e11
2.294929386079249e11
2.2893491058314084e11
2.283771359840405e11
2.2781975663143982e11
2.2726291185063132e11
2.2670674306077982e11
2.2615139354359357e11
2.2559698689998486e11
2.2504367780269473e11
2.2449159795501172e11
2.239408870718805e11
2.2339167745856763e11
2.2284410894959512e11
2.222983165690117e11
2.2175443573611563e11
2.2121260079576422e11
2.2067294262304037e11
2.2013559915993216e11
2.196006997172572e11
2.190683766445186e11
2.185387620057335e11
2.180119865796199e11
2.1748818137429242e11
2.169674671772976e11
2.164499821996487e11
2.1593584885661536e11
2.1542519548633456e11
2.1491814731585156e11
2.1441482944223465e11
2.139153663000609e11
2.1341988116633453e11
2.129284961775269e11
2.12441333330152e11
2.1195851282634164e11
2.1148015543331726e11
2.1100637840003476e11
2.1053730105815964e11
2.100730388272856e11
2.0961370903845828e11
2.0915942527687106e11
2.0871030244299036e11
2.0826645189796133e11
2.0782798669557767e11
2.0739501953126318e11
2.069676492015525e11
2.065459960428288e11
2.0613016123697684e11
2.0572025216924005e11
2.053163729571593e11
2.0491862730567862e11
2.0452711549650513e11
2.0414194001753693e11
2.0376320232129672e11
2.0339099146076407e11
2.0302541304711346e11
2.026665590887874e11
2.023145231772713e11
2.0196939759992603e11
2.0163127283262488e11
2.013002381215894e11
2.0097638108513574e11
2.006597871671606e11
2.0035054126248627e11
2.0004872566455e11
1.9975442148539453e11
1.9946770791499246e11
1.9918866249670483e11
1.9891736092935e11
1.986538771460349e11
1.9839828326063333e11
1.9815064953179446e11
1.9791104430308517e11
1.9767953406681598e11
1.9745618324049045e11
1.9724105448087045e11
1.9703420827794214e11
1.9683570321316275e11
1.966455957632848e11
1.9646394035355728e11
1.9629078935497513e11
1.9612619299248547e11
1.9597019937386118e11
1.9582285445565863e11
1.9568420198098984e11
1.9555428356456775e11
1.954331385623971e11
1.9532080410867075e11
1.9521731510758514e11
1.95122704185908e11
1.9503700170391824e11
1.9496023573043533e11
1.9489243203587082e11
1.948336140811509e11
1.947838029989304e11
1.947430176062031e11
1.947112743760732e11
1.9468858744270532e11
1.9467496859483768e11
1.9467042727272726e11
