        Run ID                Frequency (Mode 1)/real
----------------------------------------------------------------------
                      38                       282.78629
                      39                       283.00366
                      40                       283.65147
                      42                       284.71718
                      43                       286.17828
                      44                       288.00479
                      45                       290.15858
                      46                       292.59254
                      47                       295.23834
                      48                       298.06077
                      49                       300.97989
                      50                       303.92568
                      51                       306.82585
                      52                       309.61327
                      53                       312.22841
                      54                       314.62208
                      55                        316.7605
                      56                       318.62479
                      57                       320.19785
                      58                       318.62479
                      59                        316.7605
                      60                       314.62208
                      61                       312.22841
                      62                       309.61327
                      63                       306.82585
                      64                       303.92568
                      65                       300.97989
                      66                       298.06077
                      67                       295.23834
                      68                       292.59254
                      69                       290.15858
                      70                       288.00479
                      71                       286.17828
                      72                       284.71718
                      73                       283.65147
                      74                       283.00366
                      75                       282.78629

