        phase                Frequency (Mode 1)/real
----------------------------------------------------------------------
                     360                       282.79291
                     370                       283.03655
                     380                       283.76375
                     390                       284.96338
                     400                        286.6169
                     410                       288.69826
                     420                       291.17422
                     430                       294.00497
                     440                       297.14219
                     450                       300.50792
                     460                       304.08659
                     470                       307.78858
                     480                       311.53774
                     490                       315.25789
                     500                       318.87122
                     510                       322.30254
                     520                       325.48434
                     530                         328.362
                     540                       330.88983
                     550                         328.362
                     560                       325.48434
                     570                       322.30254
                     580                       318.87122
                     590                       315.25789
                     600                       311.53774
                     610                       307.78858
                     620                       304.08659
                     630                       300.50792
                     640                       297.14219
                     650                       294.00497
                     660                       291.17422
                     670                       288.69826
                     680                        286.6169
                     690                       284.96338
                     700                       283.76375
                     710                       283.03655
                     720                       282.79291

