        Run ID                Frequency (Mode 1)/real
----------------------------------------------------------------------
                      39                       267.60627
                      40                       268.98511
                      41                       273.05194
                      42                       279.60577
                      43                       288.34176
                      44                       298.87691
                      45                       310.78404
                      46                       323.62686
                      47                        336.9632
                      48                       350.37075
                      49                       363.45674
                      50                       375.88277
                      51                       387.36751
                      52                       397.70702
                      53                       406.77816
                      54                       414.53938
                      55                       421.01173
                      56                       426.26555
                      57                       430.38821

