        phase                Frequency (Mode 1)/real
----------------------------------------------------------------------
                     360                       282.76766
                     370                       283.14206
                     380                        284.2581
                     390                       286.09498
                     400                       288.61968
                     410                       291.78411
                     420                       295.53056
                     430                       299.79024
                     440                       304.48518
                     450                        309.5298
                     460                       314.83119
                     470                       320.29198
                     480                        325.8111
                     490                       331.28837
                     500                       336.62461
                     510                       341.72933
                     520                       346.52288
                     530                       350.93947
                     540                       354.93137

