        Run ID                Frequency (Mode 1)/real
----------------------------------------------------------------------
                      20                       282.76925
                      21                       283.16546
                      22                        284.3469
                      23                       286.29218
                      24                        288.9663
                      25                       292.32073
                      26                       296.29691
                      27                       300.82443
                      28                       305.81959
                      29                       311.19703
                      30                       316.85869
                      31                       322.70498
                      32                       328.62464
                      33                       334.50993
                      34                       340.25194
                      35                       345.74768
                      36                       350.90375
                      37                       355.64189
                      38                       359.89875

