     0.00000 
     1.54617 
     1.54600 
     1.54582 
     1.54564 
     1.53962 
     1.53345 
     1.52712 
     1.52064 
     1.51401 
     1.50723 
     1.50030 
     1.49322 
     1.48600 
     1.47863 
     1.47111 
     1.46345 
     1.45565 
     1.44770 
     1.43962 
     1.43139 
     1.42303 
     1.41452 
     1.40588 
     1.39711 
     1.38820 
     1.37916 
     1.36999 
     1.36069 
     1.35126 
     1.34170 
     1.33202 
     1.32221 
     1.31227 
     1.30222 
     1.29205 
     1.28175 
     1.27134 
     1.26082 
     1.25018 
     1.23943 
     1.22857 
     1.21760 
     1.20652 
     1.19534 
     1.18405 
     1.17267 
     1.16118 
     1.14960 
     1.13792 
     1.12615 
     1.11429 
     1.10234 
     1.09030 
     1.07818 
     1.06598 
     1.05370 
     1.04134 
     1.02891 
     1.01641 
     1.00384 
     0.99120 
     0.97850 
     0.96574 
     0.95293 
     0.94006 
     0.92714 
     0.91418 
     0.90118 
     0.88813 
     0.87505 
     0.86195 
     0.84881 
     0.83565 
     0.82248 
     0.80930 
     0.79611 
     0.78291 
     0.76972 
     0.75655 
     0.74339 
     0.73025 
     0.71714 
     0.70407 
     0.69105 
     0.67808 
     0.66517 
     0.65234 
     0.63959 
     0.62693 
     0.61438 
     0.60194 
     0.58963 
     0.57746 
     0.56545 
     0.55362 
     0.54197 
     0.53053 
     0.51931 
     0.50834 
     0.49757 
     0.48700 
     0.47661 
     0.46642 
     0.45640 
     0.44657 
     0.43692 
     0.42744 
     0.41812 
     0.40898 
     0.40000 
     0.39118 
     0.38252 
     0.37402 
     0.36567 
     0.35747 
     0.34942 
     0.34152 
     0.33376 
     0.32615 
     0.31867 
     0.31134 
     0.30414 
     0.29709 
     0.29016 
     0.28337 
     0.27672 
     0.27020 
     0.26380 
     0.25754 
     0.25141 
     0.24541 
     0.23953 
     0.23379 
     0.22817 
     0.22268 
     0.21732 
     0.21209 
     0.20698 
     0.20200 
     0.19715 
     0.19243 
     0.18784 
     0.18338 
     0.17905 
     0.17485 
     0.17078 
     0.16685 
     0.16304 
     0.15937 
     0.15584 
     0.15243 
     0.14917 
     0.14603 
     0.14303 
     0.14017 
     0.13744 
     0.13485 
     0.13239 
     0.13006 
     0.12787 
     0.12581 
     0.12388 
     0.12207 
     0.12039 
     0.11883 
     0.11740 
     0.11608 
     0.11487 
     0.11377 
     0.11278 
     0.11189 
     0.11110 
     0.11039 
     0.10978 
     0.10925 
     0.10879 
     0.10840 
     0.10808 
     0.10782 
     0.10762 
     0.10747 
     0.10736 
     0.10729 
     0.10726 
     0.10726 
     0.10729 
     0.10733 
     0.10740 
     0.10748 
     0.10757 
     0.10766 
     0.10776 
     0.10786 
     0.10795 
     0.10804 
     0.10812 
     0.10819 
     0.10825 
     1.02595 
