     0.00000 
     1.25126 
     1.25113 
     1.25102 
     1.25092 
     1.23150 
     1.21061 
     1.18833 
     1.16472 
     1.13990 
     1.11395 
     1.08698 
     1.05913 
     1.03051 
     1.00128 
     0.97159 
     0.94163 
     0.91159 
     0.88169 
     0.85216 
     0.82327 
     0.79531 
     0.76857 
     0.74340 
     0.72016 
     0.69919 
     0.68088 
     0.66558 
     0.65361 
     0.64525 
     0.64071 
     0.64009 
     0.64341 
     0.65061 
     0.66150 
     0.67583 
     0.69331 
     0.71357 
     0.73626 
     0.76101 
     0.78746 
     0.81528 
     0.84414 
     0.87375 
     0.90384 
     0.93417 
     0.96451 
     0.99465 
     1.02442 
     1.05365 
     1.08218 
     1.10987 
     1.13661 
     1.16227 
     1.18676 
     1.20997 
     1.23182 
     1.25223 
     1.27114 
     1.28847 
     1.30418 
     1.31821 
     1.33052 
     1.34107 
     1.34982 
     1.35676 
     1.36186 
     1.36511 
     1.36650 
     1.36601 
     1.36367 
     1.35946 
     1.35340 
     1.34552 
     1.33583 
     1.32436 
     1.31114 
     1.29623 
     1.27966 
     1.26148 
     1.24177 
     1.22057 
     1.19798 
     1.17406 
     1.14891 
     1.12263 
     1.09533 
     1.06712 
     1.03814 
     1.00854 
     0.97847 
     0.94811 
     0.91765 
     0.88731 
     0.85732 
     0.82794 
     0.79945 
     0.77217 
     0.74642 
     0.72255 
     0.69944 
     0.67706 
     0.65538 
     0.63439 
     0.61406 
     0.59438 
     0.57532 
     0.55686 
     0.53898 
     0.52167 
     0.50491 
     0.48868 
     0.47297 
     0.45775 
     0.44302 
     0.42875 
     0.41494 
     0.40157 
     0.38862 
     0.37608 
     0.36394 
     0.35220 
     0.34083 
     0.32983 
     0.31918 
     0.30888 
     0.29892 
     0.28929 
     0.27998 
     0.27098 
     0.26229 
     0.25389 
     0.24578 
     0.23796 
     0.23041 
     0.22313 
     0.21610 
     0.20934 
     0.20281 
     0.19652 
     0.19046 
     0.18463 
     0.17900 
     0.17358 
     0.16835 
     0.16330 
     0.15842 
     0.15371 
     0.14915 
     0.14474 
     0.14046 
     0.13629 
     0.13224 
     0.12829 
     0.12443 
     0.12066 
     0.11696 
     0.11332 
     0.10974 
     0.10621 
     0.10273 
     0.09929 
     0.09589 
     0.09252 
     0.08918 
     0.08588 
     0.08261 
     0.07938 
     0.07619 
     0.07305 
     0.06995 
     0.06692 
     0.06395 
     0.06107 
     0.05828 
     0.05559 
     0.05302 
     0.05060 
     0.04832 
     0.04622 
     0.04430 
     0.04259 
     0.04109 
     0.03981 
     0.03877 
     0.03796 
     0.03736 
     0.03698 
     0.03679 
     0.03676 
     0.03687 
     0.03709 
     0.03740 
     0.03775 
     0.03813 
     0.03851 
     0.03887 
     0.03918 
     0.03942 
     0.32197 
