     0.00000 
     1.00351 
     1.00315 
     1.00276 
     1.00237 
     0.95417 
     0.90693 
     0.86303 
     0.82509 
     0.79573 
     0.77728 
     0.77135 
     0.77850 
     0.79808 
     0.82839 
     0.86708 
     0.91149 
     0.95905 
     1.00737 
     1.05437 
     1.09829 
     1.13767 
     1.17130 
     1.19827 
     1.21784 
     1.22953 
     1.23305 
     1.22830 
     1.21540 
     1.19465 
     1.16657 
     1.13188 
     1.09154 
     1.04677 
     0.99907 
     0.95023 
     0.90238 
     0.85794 
     0.81955 
     0.78987 
     0.77126 
     0.76536 
     0.77271 
     0.79262 
     0.82336 
     0.86250 
     0.90737 
     0.95534 
     1.00403 
     1.05135 
     1.09554 
     1.13514 
     1.16896 
     1.19607 
     1.21577 
     1.22757 
     1.23120 
     1.22657 
     1.21379 
     1.19319 
     1.16528 
     1.13081 
     1.09075 
     1.04632 
     0.99904 
     0.95071 
     0.90347 
     0.85972 
     0.82209 
     0.79322 
     0.77540 
     0.77021 
     0.77812 
     0.79842 
     0.82935 
     0.86852 
     0.91327 
     0.96101 
     1.00938 
     1.05632 
     1.10007 
     1.13920 
     1.17252 
     1.19912 
     1.21829 
     1.22955 
     1.23263 
     1.22745 
     1.21412 
     1.19298 
     1.16454 
     1.12955 
     1.08898 
     1.04408 
     0.99635 
     0.94761 
     0.90000 
     0.85597 
     0.81815 
     0.78919 
     0.76127 
     0.73436 
     0.70841 
     0.68341 
     0.65932 
     0.63613 
     0.61379 
     0.59229 
     0.57159 
     0.55166 
     0.53249 
     0.51402 
     0.49624 
     0.47911 
     0.46258 
     0.44663 
     0.43123 
     0.41634 
     0.40193 
     0.38798 
     0.37446 
     0.36136 
     0.34866 
     0.33635 
     0.32444 
     0.31291 
     0.30176 
     0.29100 
     0.28063 
     0.27064 
     0.26104 
     0.25180 
     0.24294 
     0.23442 
     0.22623 
     0.21835 
     0.21075 
     0.20342 
     0.19632 
     0.18944 
     0.18277 
     0.17628 
     0.16998 
     0.16386 
     0.15793 
     0.15219 
     0.14666 
     0.14134 
     0.13626 
     0.13142 
     0.12681 
     0.12245 
     0.11831 
     0.11438 
     0.11063 
     0.10703 
     0.10355 
     0.10015 
     0.09680 
     0.09346 
     0.09013 
     0.08679 
     0.08344 
     0.08010 
     0.07679 
     0.07355 
     0.07042 
     0.06744 
     0.06467 
     0.06215 
     0.05991 
     0.05796 
     0.05630 
     0.05490 
     0.05372 
     0.05269 
     0.05173 
     0.05079 
     0.04978 
     0.04865 
     0.04735 
     0.04585 
     0.04414 
     0.04224 
     0.04016 
     0.03797 
     0.03571 
     0.03348 
     0.03137 
     0.02948 
     0.02791 
     0.02674 
     0.02598 
     0.02563 
     0.02560 
     0.02578 
     0.02604 
     0.02627 
     0.02634 
     0.09468 
