     0.00000 
     0.20746 
     0.20711 
     0.20676 
     0.20642 
     0.20609 
     0.20575 
     0.20542 
     0.20509 
     0.20477 
     0.20444 
     0.20412 
     0.20380 
     0.20349 
     0.20317 
     0.20286 
     0.20254 
     0.20223 
     0.20192 
     0.20162 
     0.20131 
     0.20101 
     0.20071 
     0.20042 
     0.20012 
     0.19983 
     0.19954 
     0.19925 
     0.19897 
     0.19868 
     0.19840 
     0.19812 
     0.19785 
     0.19757 
     0.19730 
     0.19703 
     0.19676 
     0.19649 
     0.19622 
     0.19596 
     0.19570 
     0.19544 
     0.19518 
     0.19493 
     0.19467 
     0.19442 
     0.19417 
     0.19392 
     0.19368 
     0.19343 
     0.19319 
     0.19295 
     0.19271 
     0.19247 
     0.19224 
     0.19201 
     0.19177 
     0.19154 
     0.19132 
     0.19109 
     0.19086 
     0.19064 
     0.19042 
     0.19020 
     0.18998 
     0.18976 
     0.18955 
     0.18933 
     0.18912 
     0.18891 
     0.18870 
     0.18850 
     0.18829 
     0.18809 
     0.18788 
     0.18768 
     0.18748 
     0.18728 
     0.18709 
     0.18689 
     0.18670 
     0.18651 
     0.18632 
     0.18613 
     0.18594 
     0.18575 
     0.18557 
     0.18538 
     0.18520 
     0.18502 
     0.18484 
     0.18466 
     0.18448 
     0.18431 
     0.18413 
     0.18396 
     0.18379 
     0.18362 
     0.18345 
     0.18328 
     0.18310 
     0.18290 
     0.18268 
     0.18246 
     0.18222 
     0.18196 
     0.18169 
     0.18141 
     0.18111 
     0.18080 
     0.18047 
     0.18014 
     0.17979 
     0.17942 
     0.17905 
     0.17866 
     0.17826 
     0.17785 
     0.17743 
     0.17699 
     0.17655 
     0.17609 
     0.17563 
     0.17515 
     0.17467 
     0.17418 
     0.17367 
     0.17316 
     0.17264 
     0.17212 
     0.17158 
     0.17104 
     0.17049 
     0.16994 
     0.16938 
     0.16881 
     0.16824 
     0.16766 
     0.16708 
     0.16649 
     0.16590 
     0.16531 
     0.16471 
     0.16411 
     0.16351 
     0.16291 
     0.16231 
     0.16170 
     0.16109 
     0.16049 
     0.15988 
     0.15928 
     0.15867 
     0.15807 
     0.15747 
     0.15687 
     0.15628 
     0.15568 
     0.15509 
     0.15451 
     0.15392 
     0.15335 
     0.15278 
     0.15221 
     0.15165 
     0.15109 
     0.15054 
     0.15000 
     0.14947 
     0.14894 
     0.14842 
     0.14791 
     0.14741 
     0.14691 
     0.14643 
     0.14596 
     0.14549 
     0.14504 
     0.14459 
     0.14416 
     0.14374 
     0.14332 
     0.14292 
     0.14254 
     0.14216 
     0.14180 
     0.14145 
     0.14111 
     0.14079 
     0.14047 
     0.14018 
     0.13989 
     0.13962 
     0.13937 
     0.13912 
     0.13890 
     0.13868 
     0.13849 
     0.13830 
     1.28760 
