    0.00 
    0.00 
    0.00 
    0.00 
    0.00 
    0.00 
    0.00 
    0.00 
    0.00 
    0.00 
    0.00 
    0.01 
    0.01 
    0.01 
    0.01 
    0.02 
    0.03 
    0.04 
    0.05 
    0.06 
    0.08 
    0.10 
    0.13 
    0.16 
    0.19 
    0.24 
    0.29 
    0.34 
    0.41 
    0.48 
    0.55 
    0.64 
    0.72 
    0.82 
    0.91 
    1.00 
    1.09 
    1.18 
    1.26 
    1.33 
    1.38 
    1.43 
    1.45 
    1.45 
    1.44 
    1.41 
    1.35 
    1.29 
    1.20 
    1.11 
    1.00 
    0.89 
    0.78 
    0.67 
    0.56 
    0.46 
    0.37 
    0.29 
    0.22 
    0.16 
    0.12 
    0.08 
    0.05 
    0.03 
    0.02 
    0.01 
    0.01 
    0.00 
    0.00 
    0.00 
    0.00 
    0.02 
    0.05 
    0.12 
    0.22 
    0.33 
    0.42 
    0.47 
    0.47 
    0.42 
    0.35 
    0.26 
    0.18 
    0.12 
    0.07 
    0.04 
    0.02 
    0.01 
    0.00 
    0.00 
    0.00 
    0.00 
    0.00 
    0.00 
    0.00 
   -0.00 
    0.00 
   -0.00 
    0.00 
    0.00 
    0.00 
   -0.00 
    0.00 
   -0.00 
    0.00 
   -0.00 
    0.00 
   -0.00 
    0.00 
   -0.00 
    0.00 
   -0.00 
    0.00 
   -0.00 
    0.00 
   -0.00 
    0.00 
   -0.00 
   -0.00 
    0.00 
   -0.00 
    0.00 
   -0.00 
    0.00 
   -0.00 
    0.00 
   -0.00 
    0.00 
   -0.00 
    0.00 
   -0.00 
   -0.00 
    0.00 
   -0.00 
    0.00 
   -0.00 
    0.00 
   -0.00 
    0.00 
    0.00 
   -0.00 
    0.00 
   -0.00 
    0.00 
   -0.00 
    0.00 
    0.00 
   -0.00 
    0.00 
   -0.00 
    0.00 
   -0.00 
    0.00 
    0.00 
    0.00 
    0.00 
    0.00 
    0.00 
    0.00 
    0.00 
    0.01 
    0.01 
    0.01 
    0.02 
    0.03 
    0.04 
    0.05 
    0.07 
    0.09 
    0.11 
    0.14 
    0.18 
    0.22 
    0.26 
    0.32 
    0.37 
    0.44 
    0.51 
    0.57 
    0.65 
    0.72 
    0.78 
    0.84 
    0.90 
    0.94 
    0.98 
    1.00 
    1.01 
    1.01 
    0.99 
    0.97 
    0.94 
    0.90 
    0.85 
    0.81 
    0.77 
    0.73 
    0.70 
    0.67 
    0.66 
