    1.28 
    1.20 
    1.08 
    0.95 
   -0.62 
   -0.76 
   -0.89 
   -0.98 
   -1.05 
   -1.11 
   -1.15 
   -1.15 
   -1.12 
   -1.09 
   -1.02 
   -0.93 
   -0.81 
   -0.69 
   -0.55 
   -0.39 
   -0.22 
   -0.06 
    0.12 
    0.29 
    0.45 
    0.59 
    0.75 
    0.87 
    0.97 
    1.06 
    1.13 
    1.16 
    1.17 
    1.17 
    1.13 
    1.07 
    0.99 
    0.89 
    0.76 
    0.63 
    0.48 
    0.31 
    0.14 
   -0.02 
   -0.20 
   -0.37 
   -0.51 
   -0.67 
   -0.80 
   -0.91 
   -1.00 
   -1.08 
   -1.12 
   -1.15 
   -1.16 
   -1.12 
   -1.08 
   -1.01 
   -0.91 
   -0.80 
   -0.67 
   -0.52 
   -0.36 
   -0.20 
   -0.02 
    0.14 
    0.31 
    0.47 
    0.62 
    0.76 
    0.88 
    0.99 
    1.07 
    1.13 
    1.16 
    1.17 
    1.16 
    1.11 
    1.06 
    0.96 
    0.86 
    0.74 
    0.59 
    0.45 
    0.27 
    0.11 
   -0.06 
   -0.24 
   -0.39 
   -0.55 
   -0.70 
   -0.82 
   -0.94 
   -1.02 
   -1.09 
   -1.14 
   -1.16 
   -1.16 
   -1.12 
   -0.83 
   -0.48 
   -0.11 
    0.23 
    0.54 
    0.77 
    0.93 
    0.99 
    0.97 
    0.86 
    0.69 
    0.48 
    0.24 
   -0.01 
   -0.23 
   -0.41 
   -0.55 
   -0.63 
   -0.64 
   -0.60 
   -0.51 
   -0.38 
   -0.23 
   -0.07 
    0.09 
    0.23 
    0.35 
    0.42 
    0.46 
    0.45 
    0.41 
    0.34 
    0.25 
    0.14 
    0.03 
   -0.07 
   -0.16 
   -0.22 
   -0.26 
   -0.28 
   -0.26 
   -0.22 
   -0.17 
   -0.10 
   -0.03 
    0.04 
    0.11 
    0.16 
    0.20 
    0.22 
    0.22 
    0.20 
    0.17 
    0.13 
    0.08 
    0.04 
   -0.01 
   -0.05 
   -0.08 
   -0.10 
   -0.11 
   -0.11 
   -0.10 
   -0.07 
   -0.04 
   -0.01 
    0.02 
    0.05 
    0.08 
    0.10 
    0.11 
    0.11 
    0.10 
    0.08 
    0.06 
    0.04 
    0.03 
    0.02 
    0.01 
    0.00 
    0.00 
    0.00 
    0.00 
    0.00 
    0.00 
    0.00 
    0.00 
    0.00 
    0.00 
    0.00 
    0.00 
    0.00 
    0.00 
    0.00 
    0.00 
    0.00 
    0.00 
    0.00 
    0.00 
    0.00 
    0.00 
